(¹¹)

S. 1111111101 &Neapolitanae &desine sspfloc— 61010111 01110010 1001 1101101101. 11. 0. 191.
pus 10111. 0. 11. ampon- 1001 1010110111 0. 108.

110011111οοὶ 1101110101. 111. 0. 89. 111011110110100101-111101110111011101.111.
S. Augustini 10010011 100110011111110111. 0119.

0. 255: · 81110011 1001 101101 101. 111. 0. 62. 78.
Aurei solidi bythinntei 1101110 10111. 0. 181. Campi majoris 1001 mentio 101. 111. 0. 87.
186. 188. 190. 192. 198. 198. 201. (11101 romani loci mentio 10111. 0. 172.
201. 208. 61101110 1001 101101 101. 11. 0. 108.
Auri winimanno 101. 111. 0. 198. Campus 111011011011101101 111. 0. 6. ,
Auri libra 101111101101.11.0.“18.78. 116. 6111101 territorii 11011101011110117. ,
01001111 1101110 10111. 0. 161. ,
B 6100111111 1001101101 10111. 0. 111.
610010 mentio 101 11. 0. 86.
1010101100 vol. 11. p. 00. s. 0010. mu. 001-001101001000.
nahmi 011101 mentio 101. 111. p. 116. 1601010101 101. 111. 0. 89. 61. -611011111101
S. 1111111110 1100101110 mentio 101. 11. 0. 229. 1101100001 101. 111 0. 168. 111101. in 101. 111.
Β1101111111001101101101.11.0.116. 11111111.
’ S. Benedicti 11110110 1101111011 mentio vol. 111. 8101111111 01101111 nomen 101. 111. p. 178.
071. 6101111111 urhis 101101-1101111111111113110-
S. Benedicti Ecclesiae 1101110 101. 11. 0. 89. 111. et S. 11100111 monasterium 1111 1111 101. 11.
111110 m 16001. in 101. 111. 1111. 11. 0. 118.
1111010011001101001101 111 0. 9. 62. 6111011111001 10101101. 11. 0. 888.
11001000101101010001010.111 1110111101 lod 101101 101. 111. 0. 111
camni 1101 Neapolitani 101101 · Ubi 01111 extiterit
6 . 101. 111. 0. 81.
(11110010 0111010 nomen 101. 11. 0. 198.
mmmmm& 6111101018110100111111011001001101001101101
Caiatia 011111 10160101 111. 0. 12. 82. 87. 10111. 0. 182.
111011010110101111 0. 197. Casu 10101 1111001 1001101101 1011110. 1.
611011001νί161 1101111101. 11. 0. 206. 81.
S. 1111011110 80010110 mentio · 11111 1101101100- 0111010100 101101 101. 111. 0. 101.
nu 11160111111101 111. 0 198. emus 1001 mentio 101 111 0. 91.
61011110010111010111029. 118. 611116111011111011011011110118.
(ammutbhhidolflbngobwdi (1101110 (1111101011 term 101101·111111111101.1110.1.
1111101601)ωο 101. 111. 0. 169. 61111011001110110101. 110. 20.
&humanatio 101111. 0111 6111101101110101101 101. 1110 51
0111110111 lod 1100110 101. 111. 0. 111. 1111011111 1001 nomen vol. 111. 0. 86.
flaminium 1001 mio 101. 111. 0. 18. 0111110101 1001 10100 101 11. 0, 71.

 

