(¹2¹)

6000110000 loci nomon 001. 17. 0. 116. 6000111001 territorii mulio vol 17. 0- 16.
6000110 1001 nomon 001. 111. 0. 195. 600001 looi 000110 - 1191 0110 01111011 001111.
6001011101 1000110001. 111. 0. 95. 99. 0. 55.
8.60010000106οΙ0000600100’00000110001.111.

p. 76. llo 1)
Caso-i 000001000110 001. 17. 0. 56. 925. 569.
6000110011001000110 001. 17. 0. 229. 81110101 000010060001.111.0.119.
601111 00Ιωί monio vol. 17. 0. 99. 011001. 10 001. 111. 000. ΧΠ.
60001 00100101 000110 001. 1110. 91. 172. 8110001190010000 1000110001.111.0.168.

vol 17. 0. 119. 151. 195. 9011011 looi 0000010116. 0159.
osopi 00 nomen 01. 1v. p. 000. ospiciolum 00ιο0100000.
6001010 10000 00000 001. 17. 0. 251.
Commi 1001010010 001. 111. 0. 12. 52. 11

Ceios 10000 00000101 111. 0. 6.
100100000001111011. 01 7001000600 &mmmmm

6110000111 000110 000110 vol 111. 0. 85. pertinentia 001. 111. 0. 51.
8. cipriani Ecclesia 000110001111. p. 59. Ecclesiae S. Petn‘ Apostoli 000110 001. 17.
171. 0189. 195.

610000100000000011110. 191. 1100100100 S. Sosodi 000110 001. 17. 0. 295.
610110010001001000110001.111.0.116. 201.

60010111 sorvorum 901 000110-11111 silum vol. 111. Eooloeln 8. Sabou· chriso oooloeor'a mlo

. 61. 77. 001. 170 191.
6οΣιίοῑοε termolensis 000110 001. 17. 0. 11. 90010100 Β.11001101000110101.17. 0. 178.

coniolo 60100100 000110 00117. 0. 955. ’ 1600100100 1110000100 S. 1100100 000110 001. 17.

6000006110ῑο0 0001110001. lll. 0. 71. Quinam p. 113.

100· merwile 001. L 0. 65. 000. 7. 6001011008. nummos 001. 17. 0189.
6010010111 montis 000110 001. ill 0. 85. S Eoolosiao 110001101ιο pus 900· noo
siconis, 01100101 0001000000 0010100.

0110 0061011001. 17. 0. 117. 219. 1100100100 8. 800001 000110 001. 17. 0. 992. loo.
8600000 loclesse 000110 001. Hp. 166. 0000001000 000110 001. 17. 0. 962.

8. 60001 10000 000110 001111 0.11. , 90100001 8. Felicis 1101001 neoti) 001. 17.

0.οω00000000010000. ’ 0000. «

⁴ 611011οὴ01 1001 nomon 001. 111. 0. 52. ,1101000011 S. 9100011 000110 001. 17. 0195.

S. 000 mes 000- 01100-οω 0000000000ιο voro. 0000.
Album! 001. 0000010000. S 61001, 1100011101, 01 Fon-i 00011000 Dei
10 001. 111. 000. lX. 0000010011 000110 001. 17. 0. 291.

&monheim-mol 17. 0 71. 116. S. 90100100 Ecclesiae montio 001. 111. 0. 17.

curti 1001 0100110001. ΙΙ 0 115. 001. 17. 0. 115.

 

